1.062417410108537741e+00
1.093034259780299777e+00
1.361713766786694091e+00
1.201030853146160871e+00
1.818423117549421208e+00
8.835325498635739905e-01
1.229746069812624132e+00
2.276440132231861035e+00
9.906204254743169457e-01
2.268700528524733251e+00
1.616211326349406230e+00
1.166071068959645407e+00
1.630148472271773841e+00
1.074949986399530211e+00
2.143542655645090722e+00
8.479007366478229502e-01
1.934540363167380095e+00
1.473929529786235815e+00
1.394308452231645123e+00
1.444917069400467824e+00
1.950109523567638670e+00
1.473954386697121199e+00
4.847837641542838583e+00
2.009221673449137047e+00
4.558903889551976008e+00
1.981641348225607668e+00
8.730398733664547217e-01
9.849592241733445830e-01
1.500655885448020310e+00
1.185354448048813847e+00
1.378430677621813594e+00
1.918663175130359777e+00
1.288698004568400002e+00
4.562662438185705049e+00
1.401922166342011833e+00
1.665562117040241707e+00
1.190747956773300809e+00
1.750148234148854565e+00
2.057205302229018873e+00
2.174688367297023639e+00
2.039001214407675899e+00
1.950138597541547725e+00
1.182240586417915740e+00
1.107313275745589465e+00
4.664916807555015588e+00
1.360754704936182335e+00
1.564942902923793788e+00
2.140811842960118838e+00
1.415306994204349911e+00
1.808724829612247786e+00
9.956041229404104520e-01
1.894519913193310812e+00
1.897960325908381263e+00
1.847078405114534583e+00
1.991361495578822804e+00
2.272891709482886213e+00
1.054368045066163440e+00
1.822192727485058006e+00
1.199542114340996335e+00
1.777067073545294029e+00
1.803767181881879678e+00
9.886713218646693280e-01
1.580839424102510549e+00
1.318862239200858211e+00
1.805511363111939049e+00
1.253686845213926260e+00
1.161962042126752026e+00
1.009377726983027079e+00
1.944655806555042998e+00
1.462612145387194529e+00
4.862639599196071138e+00
2.215899863959561955e+00
1.183353522348443265e+00
1.673859724229000756e+00
1.302508616163838395e+00
1.519825856156765687e+00
8.899110088357622406e-01
1.772113916476917961e+00
1.712411013446051733e+00
1.352597975250990237e+00
1.706656139541635309e+00
1.922884375686044534e+00
2.176948860667465624e+00
1.558009028640731319e+00
1.990320039306463951e+00
1.400443426777010059e+00
1.487716760231361679e+00
4.709856772956388049e+00
1.175221524193983846e+00
2.220544554697551742e+00
1.569089628652069912e+00
2.212815438756124742e+00
1.358526767138790614e+00
1.193381157307544349e+00
1.140128346523281877e+00
2.031248833269333698e+00
1.903849255041455635e+00
2.054532460052903353e+00
1.879523856207426125e+00
1.645459900746762072e+00
8.874798933980105886e-01
1.574980273074761961e+00
1.455363448725809139e+00
1.066497991576709881e+00
1.358173069590660864e+00
1.985537878671083334e+00
1.772275816325675546e+00
4.601167841769506772e+00
1.774187949362083128e+00
1.698381813259053574e+00
1.886986817291461893e+00
1.114196911814618884e+00
1.769840928455241436e+00
1.886817218524938777e+00
1.195765723501518218e+00
1.639746805149774778e+00
1.136732738735913628e+00
1.273910263368893458e+00
1.810900646962597227e+00
1.086441690719399666e+00
2.220707681842647219e+00
1.460124767979445126e+00
1.428862222347808908e+00
1.837465888546362391e+00
1.487412177779690037e+00
1.044164420467727616e+00
1.532890579974388823e+00
9.201258451781568759e-01
1.559285751778050733e+00
4.745638623045226545e+00
8.711302109160297125e-01
1.684058956110713767e+00
1.522599997129306271e+00
1.664460157033048615e+00
1.308099997684217142e+00
1.858769467471805603e+00
1.776672280021961203e+00
4.844737572145174198e+00
2.046702259277447755e+00
1.027701124983085190e+00
1.475560619375885452e+00
1.570469343721741629e+00
1.367458942967164415e+00
1.361968213118690540e+00
1.331717040506086969e+00
1.420612448516483939e+00
1.631734119218057666e+00
1.204758405565042878e+00
1.658455322531922072e+00
1.063430515180211477e+00
4.578940324129632700e+00
8.563810927486025237e-01
2.104470017133856174e+00
1.101173358527618884e+00
1.677979298511905082e+00
1.702855071027751910e+00
4.840269578600977063e+00
1.516568878577638113e+00
1.171733914389591957e+00
9.571558148825682899e-01
1.149208633665769419e+00
1.637308582465465179e+00
1.691433964788027877e+00
1.224524478540093053e+00
2.028961619610655021e+00
1.003016380082154768e+00
2.224031885635267436e+00
1.316227954446082871e+00
1.148313166583050604e+00
9.694131240242572778e-01
1.603867968110707976e+00
1.193781041777287610e+00
1.066077867350446740e+00
1.881319723354377693e+00
1.445885378827568513e+00
1.564023632059502900e+00
1.910118193288674382e+00
1.694995543225878976e+00
1.957754841795122491e+00
1.993933885163782227e+00
2.004297977137313946e+00
1.717705695351606998e+00
1.367594053254926667e+00
8.821038481772145445e-01
8.411501592401480210e-01
1.660997781241943638e+00
1.172530496344642348e+00
1.576711279024223922e+00
2.193142434122190565e+00
1.931438736124396094e+00
2.121303643256081894e+00
9.503651285777061641e-01
1.846072460439878160e+00
1.064346590926041669e+00
1.379619703639892947e+00
1.638133874647823562e+00
1.979205166904597579e+00
1.900753555870746681e+00
1.810613885704481785e+00
1.116867301484780084e+00
2.237303127930494018e+00
1.072837151190819904e+00
1.674595002392596843e+00
2.199102010083890946e+00
1.224181999609557314e+00
4.704975863873054109e+00
1.148881386962625983e+00
1.355843600025256501e+00
1.141055202998459972e+00
1.060601683192829325e+00
9.005516410650070691e-01
1.519788050936598189e+00
4.593215790166859769e+00
1.107706248528878668e+00
1.382644829579841028e+00
2.276712750387410722e+00
4.664987984732634096e+00
1.650650870845430607e+00
2.290765673899028521e+00
1.180148135292304890e+00
1.113566386626013927e+00
1.343903590786420077e+00
1.218231115267165432e+00
2.075023814843346415e+00
1.414510048253025731e+00
4.960082213279418895e+00
1.852784697477608988e+00
1.801616772326759985e+00
2.064715443873299972e+00
4.611381871520335629e+00
1.338609163664574053e+00
1.107060919162376367e+00
1.136138530456461959e+00
1.656616043277809203e+00
1.273076427776585806e+00
2.330589050734201528e+00
1.588889554529105741e+00
1.392103265607067986e+00
1.537485370142080532e+00
1.926541383531063412e+00
1.982065754575947025e+00
1.133516034517032089e+00
2.022368535661664968e+00
2.084938553935130834e+00
1.191203375070217119e+00
1.987021478073246694e+00
1.173995748593076982e+00
1.946769578415915358e+00
2.030983901389463941e+00
2.059809976819162447e+00
2.134030935943073803e+00
1.338463523288504264e+00
1.546026752676095573e+00
1.492885485644909638e+00
2.128330857142706645e+00
1.561626995167176180e+00
1.225624547774470274e+00
1.610607878004437055e+00
1.516938672306291425e+00
1.881680815403684370e+00
1.126729489904651826e+00
1.123797690868092669e+00
1.246703791490460622e+00
1.231781726371961483e+00
1.825535786149944828e+00
1.001244254915487852e+00
9.975508959892427363e-01
1.211460441762566509e+00
2.152520853946333634e+00
1.614217059563021861e+00
2.252316011907166793e+00
2.102228106455800827e+00
1.385374216609019271e+00
1.572394537834576278e+00
2.236143225169295867e+00
1.111577614687390358e+00
1.674286493143196219e+00
1.831841673923934044e+00
1.528573055712752149e+00
1.782772415963999713e+00
1.166101121310150424e+00
1.707540603405603985e+00
4.696947715183945604e+00
1.681613455550397651e+00
1.166155704435702045e+00
1.902530948334708816e+00
1.926287561033698248e+00
1.283294466498859032e+00
1.559246479492334414e+00
1.987776163801622697e+00
1.843866219994753308e+00
1.913208122096357933e+00
1.222107907445532771e+00
1.381060131996501683e+00
9.439264615796062463e-01
1.314853066892962996e+00
1.523580950199985073e+00
1.539069108010595821e+00
1.487248949120878683e+00
1.295820661738594781e+00
1.875903536801042382e+00
1.432766723072798065e+00
1.805517802913053638e+00
1.905031242869781538e+00
1.396791596623597531e+00
1.432053780874140259e+00
1.374882191724830394e+00
1.879393358139634929e+00
1.815317577099839319e+00
2.096204726893054371e+00
1.795470077667238540e+00
1.152379489424296910e+00
1.995300043317985494e+00
1.653186317790970472e+00
1.410407290596450203e+00
9.484445878096332549e-01
1.868412355666290603e+00
1.243962665023386371e+00
1.850290015751051342e+00
1.513579787365158635e+00
1.203829213660348119e+00
1.215248918407138889e+00
1.182764684972266389e+00
2.113248650514245597e+00
1.642173935989354128e+00
4.611608683957568289e+00
1.884853455976588377e+00
2.051486750946103665e+00
2.001176665904464080e+00
1.964873500373731208e+00
1.067907084792284689e+00
2.284610441836377959e+00
1.869141524109643182e+00
8.976962869229734299e-01
2.135289377633593499e+00
1.553464785663533076e+00
1.036043476305171795e+00
4.636213896046586846e+00
1.991222259634430003e+00
4.962216019544070988e+00
2.159549139807867668e+00
1.847529694015746626e+00
1.722221005893245893e+00
1.201567607581907504e+00
4.657929990418335997e+00
1.345705198414386405e+00
2.096114064758242357e+00
1.187361023032042162e+00
1.963183380723736438e+00
1.561550406587314921e+00
1.319889801747071267e+00
1.613097938119827379e+00
1.640077330483935336e+00
1.321405441892530952e+00
2.220546466323053636e+00
1.898821046549687974e+00
1.002293727244782717e+00
1.670468651226927337e+00
9.770795958747758858e-01
4.597185470479556280e+00
1.218545569551100050e+00
1.158990774115215672e+00
1.575368798452636998e+00
2.085624723943131809e+00
4.954235789125147171e+00
1.326727325136503488e+00
1.505911287983666025e+00
2.137699619116979033e+00
1.147309410353385850e+00
1.588602507457429036e+00
1.394312584492671592e+00
9.541331817432990858e-01
1.376253110349942910e+00
2.265586045233237478e+00
4.540872321352881436e+00
1.768385223875415191e+00
1.302868462578270936e+00
1.250195739229062575e+00
9.252929251256681864e-01
1.481364930283095127e+00
2.337925910938197127e+00
1.935782436857776734e+00
9.828223849639196041e-01
1.521712956872210532e+00
2.078238124539736109e+00
4.705831217896372820e+00
2.107683064836573639e+00
1.791507958539002798e+00
2.234580248909654898e+00
1.991453400188346823e+00
1.146806648005917140e+00
1.741433289417173791e+00
1.430025809037353657e+00
2.126864293622614532e+00
1.752770027547694065e+00
8.972343653729439872e-01
1.940958027846558576e+00
4.490774606926142276e+00
1.070632486206739342e+00
1.571663171275268667e+00
1.378178475044414819e+00
1.708357519220566001e+00
1.094911238818560228e+00
1.848110697655900969e+00
8.375860158211644313e-01
1.535644711805492113e+00
1.049029846111632969e+00
1.900334043291559194e+00
1.516690562779541729e+00
1.800977466103397706e+00
1.682593353555297044e+00
1.256707802142904340e+00
1.656496501247012976e+00
2.119504056844992324e+00
1.653146843609958783e+00
1.139468938257949260e+00
1.764819630304618636e+00
2.253152240218518898e+00
9.412677688881331273e-01
2.021325962411772537e+00
1.229006522476180141e+00
1.726211182417633827e+00
1.251245690503824282e+00
9.887824795041475490e-01
2.007729273042156315e+00
2.224669143760524825e+00
2.157085135514799301e+00
1.499806538406164291e+00
1.083636771208410066e+00
1.982865480010357562e+00
1.903925752598305987e+00
2.028426213851854953e+00
2.269701875972707228e+00
1.066188972876027874e+00
8.802901711582367117e-01
1.073140917912811965e+00
9.528576534755985872e-01
2.005608589216401949e+00
1.493580632143860720e+00
9.312536592915422462e-01
1.352190625765695486e+00
1.914887524126438034e+00
1.041072706835304063e+00
1.283866973363715136e+00
1.684023260054893445e+00
2.177997877966027396e+00
1.187369259016893830e+00
1.026651403907467230e+00
1.201210411217600749e+00
1.370757066510719380e+00
1.043591083306770528e+00
1.422281466115397297e+00
1.054485771003464301e+00
1.334794926909089074e+00
1.518982678722305968e+00
1.840504104645121819e+00
1.431319099850742349e+00
2.154397984337335537e+00
1.896027275966717607e+00
1.926651936620215277e+00
1.045184438174130648e+00
2.262093116977594853e+00
8.743681358397434877e-01
1.841838554802514016e+00
9.589139076293553554e-01
1.482588158041657778e+00
1.229749026290910763e+00
1.595211087575024722e+00
8.035869617713633506e-01
1.726816752059095794e+00
4.565924315427785096e+00
1.515924119861822739e+00
4.856654737501996166e+00
2.211641682675131726e+00
1.474555383167022171e+00
1.989254596902588768e+00
4.907187901509521666e+00
4.629310792158458199e+00
2.233034333494295254e+00
2.130048432185352780e+00
1.898783450628180658e+00
1.890371382828321289e+00
9.616636155953260934e-01
2.277142121105059314e+00
1.651823913447477032e+00
4.533190402129341656e+00
1.550508564764337738e+00
1.167010311158399150e+00
1.388433364031531614e+00
1.870622349091565217e+00
1.322644073518472130e+00
1.760013391844699182e+00
1.959393089298827828e+00
1.792786941165840142e+00
2.188255290345171744e+00
1.755901734085796972e+00
1.727184181009887576e+00
1.377220669274491716e+00
9.606335556334261172e-01
1.946541988704070247e+00
1.289241922291013420e+00
9.891908599901276800e-01
1.247774695850304427e+00
2.086483429638637865e+00
1.482825132495768194e+00
4.643048714998954551e+00
8.665932261081680243e-01
2.291982188536835441e+00
1.554865737596941910e+00
1.044431210894440909e+00
1.588082918883124695e+00
1.879934652300998099e+00
1.830539910147497951e+00
9.871425068669001934e-01
9.050977837119962288e-01
9.440966023542248786e-01
1.052130918095716572e+00
2.272788688784371569e+00
1.694285542473165540e+00
1.627584889648369559e+00
2.109441762933618403e+00
1.338271131522403179e+00
2.010211633907850182e+00
4.828087427182163438e+00
4.647308049510498584e+00
1.887364347405489529e+00
9.882751847878399332e-01
9.678854269341529148e-01
9.787316776097444437e-01
4.826874981643228146e+00
8.812191913968926427e-01
1.974725537791522711e+00
1.018000128964973161e+00
1.058222353853138342e+00
1.193233606773044020e+00
1.577265924771542371e+00
2.094847986858848987e+00
1.174690894947658881e+00
1.349258749816893754e+00
1.706999680853115597e+00
1.799355115294413388e+00
1.558856168991720859e+00
1.448321187806506538e+00
1.401733650318080393e+00
2.134478567377893210e+00
1.518095296637740121e+00
1.272174746749158425e+00
1.853087974301223406e+00
8.504522780314436314e-01
1.954727165220038865e+00
4.882458629939912420e+00
1.000043985016974890e+00
1.537999092712102334e+00
9.674881988079860884e-01
1.235987011644038125e+00
1.998760431230483858e+00
1.510031945373400131e+00
1.880901900253388881e+00
9.401329630415946603e-01
1.428475397266083968e+00
1.311187740962572290e+00
1.727323298661126882e+00
1.260271707097261107e+00
1.637797424718170358e+00
1.981341852018716487e+00
1.245991925045291104e+00
1.475629779439921352e+00
1.652596911239251121e+00
1.241561539835477568e+00
1.283676605868949494e+00
1.580478426259870117e+00
2.159087258284694499e+00
2.082155312621555954e+00
1.303848826923720505e+00
2.017238225971827337e+00
1.213799176475103492e+00
1.508641334733549000e+00
1.809861026436523801e+00
1.177915209217446302e+00
1.735001551014859755e+00
1.685537561906266468e+00
4.949297099849718329e+00
2.171124332701120263e+00
8.956515490309054917e-01
9.158589258623881513e-01
1.835092407029041528e+00
4.693778148059275068e+00
1.785896199063448542e+00
1.884639748885788668e+00
1.494470906575201319e+00
1.335045932380908740e+00
1.670929551386717060e+00
2.001949381171792552e+00
1.467831898138945323e+00
2.173514468385178589e+00
2.052166540040012421e+00
4.756095512627267041e+00
1.284766577147752997e+00
1.423200805376963141e+00
2.003003393993147085e+00
1.473359706387879164e+00
8.744505235715929192e-01
1.160589377354742657e+00
8.648001406888200515e-01
1.418532952668315250e+00
2.063967517263646023e+00
1.375037791417310862e+00
1.815600850812689515e+00
1.235233933136364870e+00
1.451573093926562308e+00
1.259365128556238611e+00
1.637377862309874477e+00
1.802480257440155276e+00
1.378389839947424145e+00
1.172927907303246364e+00
1.223784922945178044e+00
4.944807023439358851e+00
1.444683125449594208e+00
1.832487370415531780e+00
1.452252968132769384e+00
2.229685613214862361e+00
4.561619369330299101e+00
1.490454476979630849e+00
1.341225052695711462e+00
1.234571785890811402e+00
2.033904907386107741e+00
1.919224521731834665e+00
2.211453213563982612e+00
1.546722444072119451e+00
1.178454172653425003e+00
1.280739326026842484e+00
1.459841213361105172e+00
2.043022012939299525e+00
1.027950289701801356e+00
1.226566317364993441e+00
1.708833927675151187e+00
1.646755588943154658e+00
2.075534515349991338e+00
1.922533964104605753e+00
1.754966536059840765e+00
2.047983005655410249e+00
1.843368649575112261e+00
1.535579722943774428e+00
1.775144383147070792e+00
2.060385912079879756e+00
1.567976412892629012e+00
9.540770495092405490e-01
1.821435779039064284e+00
1.905777576966709352e+00
1.891031455249576831e+00
9.296895587333092736e-01
1.601937759963412589e+00
1.835335983077376554e+00
9.752629448730315564e-01
2.002982913339276916e+00
8.319684013436580150e-01
4.944124525053474883e+00
1.509473203984447398e+00
2.164216959248833838e+00
1.677874248596036511e+00
1.601024876122208562e+00
1.649930892268992588e+00
2.043675098384438726e+00
1.442562555988074591e+00
1.890969143149700882e+00
1.457107842265416675e+00
1.179738511510717514e+00
1.940620739180134890e+00
2.031692561589929280e+00
1.450756078072479971e+00
1.166022604790678319e+00
1.376194109238981111e+00
1.130379209741017243e+00
1.680971204561152677e+00
1.576234282139713949e+00
2.273677616019091463e+00
1.900236656679337832e+00
1.874223672134620822e+00
1.174552275325207784e+00
1.858412290090776908e+00
1.696695643012248400e+00
1.364720142976680428e+00
1.329946166131989349e+00
1.462591651722529917e+00
1.812232529507779910e+00
2.041810798800528293e+00
2.276598690321869345e+00
1.286365303819405614e+00
1.393033397164615828e+00
1.958374196631683217e+00
2.127576466412567591e+00
1.347108877912683633e+00
2.098316712499096681e+00
4.643075107782736133e+00
1.126354338224533569e+00
1.099414781327858526e+00
1.999684560883308038e+00
2.109959510047544118e+00
1.881590773587464627e+00
1.321764055368566337e+00
1.269604847176681206e+00
1.896985135042060566e+00
1.994869396219706825e+00
1.722706059294514702e+00
4.856423900851836173e+00
1.732162607777723018e+00
1.254627999062861043e+00
2.099872207764452270e+00
1.512248384276739799e+00
1.095079603429187642e+00
2.318313548727929163e+00
1.828990424784689761e+00
1.933886819137941027e+00
4.706088446744467468e+00
1.703092699007445088e+00
1.061889440718824629e+00
1.851598230812122603e+00
1.183886852802014555e+00
2.249689721528135511e+00
1.363599650980746869e+00
1.641982533138123923e+00
1.656185325776900141e+00
1.609662286770103590e+00
1.432194119237871988e+00
2.027995599111139136e+00
2.016103807252060509e+00
1.387629953047125886e+00
1.188031612226559508e+00
1.620269435389914081e+00
1.870799508689177992e+00
1.605366009475227340e+00
8.497818131313292778e-01
1.763261032269373363e+00
2.206365980825946593e+00
2.287168025820517148e+00
1.864997026283182979e+00
2.105986498904090620e+00
1.705592544014191247e+00
1.321498450771695365e+00
1.114990321129734285e+00
1.722435078679569020e+00
1.280000300691381154e+00
2.041916106936946029e+00
1.644934098049215754e+00
1.000685885188452584e+00
1.827524721063964686e+00
1.664347622206154176e+00
1.405597240254421676e+00
1.749662797595529229e+00
1.116625270706325335e+00
1.952479499497022264e+00
8.753419541637819101e-01
2.191088123685952738e+00
1.163612483414447674e+00
1.977286814801320070e+00
1.324531291552869083e+00
2.037778031828892278e+00
1.411160059558304702e+00
1.844371431383752480e+00
1.747482568181559337e+00
1.668230839274959187e+00
1.267043730168811555e+00
1.302981361309667241e+00
1.075576088325626234e+00
1.257408563485488573e+00
1.893420039478036943e+00
1.440028414436446358e+00
1.641107157862461419e+00
1.786518366924754186e+00
1.525964078399952184e+00
2.096642574413363214e+00
1.078399301065968929e+00
1.431333853008615487e+00
1.240010930990466553e+00
1.572115763727521376e+00
1.971297942942229708e+00
1.565982853412657860e+00
1.765084456487918674e+00
1.061290004984606350e+00
1.853818299048207940e+00
1.527689556353970968e+00
1.337559182252976653e+00
1.682051003002366096e+00
1.291041448932457980e+00
1.613771757971617760e+00
1.881832063291171808e+00
1.738341280602004213e+00
1.921258192447811375e+00
2.119605295861369587e+00
2.149042960724987683e+00
1.184830207860114948e+00
2.038582140683751653e+00
1.253829252145880480e+00
2.251222499311699377e+00
1.934275936414795671e+00
1.466276623297074755e+00
1.550556742009959521e+00
4.575075032981756884e+00
1.759436075836543045e+00
4.830216299745598185e+00
1.688743698027634688e+00
2.035487029770924661e+00
2.024519360328044471e+00
1.525026801625720241e+00
2.075630616730545164e+00
1.653676685031920002e+00
1.707005792856302939e+00
1.068855905797820860e+00
2.158861548573952849e+00
1.124624738921166989e+00
1.923827774810400015e+00
1.749324347881781039e+00
1.725905481551008647e+00
1.522387352033404806e+00
9.023581446757542590e-01
2.193420612923738133e+00
1.163176469126909973e+00
1.173572602719209046e+00
1.206741585358758417e+00
1.587428304354706166e+00
2.173833030066006256e+00
1.344649815113199809e+00
2.108548499917370034e+00
2.005789972880387406e+00
1.197664305785083982e+00
1.222721791995058593e+00
4.702722801596967983e+00
1.793531843284426053e+00
2.210214630475280995e+00
1.245587360701193358e+00
1.370434241469234760e+00
1.400778484360690079e+00
1.921995863765314949e+00
1.486415559666110831e+00
1.631709629076549373e+00
4.859693172668397843e+00
1.269143023949798721e+00
1.620279052850597257e+00
1.818026514795988202e+00
1.659825260141468917e+00
1.371981771075411638e+00
1.689901161463457147e+00
1.350422649604155811e+00
2.097584000977945173e+00
1.599806018474418945e+00
1.232808907239052010e+00
1.334571266077403839e+00
1.475375673035294266e+00
9.851982973328732296e-01
9.623886793728305689e-01
1.815527079013511624e+00
4.604858647175009700e+00
9.887266297925819680e-01
1.328815926000657788e+00
1.546750694359364520e+00
1.121170243710834402e+00
1.428522622946784670e+00
1.927504349514129078e+00
1.799263898794208227e+00
1.305700195420034238e+00
4.731801443143496044e+00
1.679611703987689442e+00
1.765168082012231299e+00
1.159346162531993851e+00
1.512592401571400513e+00
1.713393802658188303e+00
1.084442141089611233e+00
1.847839856809310621e+00
1.538740951828297288e+00
1.151400858206444999e+00
1.341045117404164433e+00
1.244909542373832112e+00
1.903425398251227252e+00
1.207200288716677061e+00
2.068366213961241762e+00
2.133835302401940304e+00
1.933479092103835173e+00
1.486269157410464725e+00
1.634487174880164373e+00
1.786850309245713309e+00
1.205149939355344424e+00
1.794516643551322899e+00
2.022154727253500983e+00
1.043336794887335328e+00
1.615230080968996340e+00
1.134205665307008948e+00
8.904872587811915041e-01
4.572929966136045188e+00
1.396885974921721285e+00
1.386782120088497328e+00
1.573624705469046425e+00
4.905162307189667281e+00
1.810868547940493789e+00
4.938495076784705340e+00
8.700145002402297489e-01
1.053447254287539492e+00
1.328808821337841506e+00
1.472374916151659052e+00
2.063816374448489643e+00
1.366969199444813210e+00
2.213520649921179029e+00
1.028218861862911782e+00
1.182157041372513540e+00
9.439967044105459504e-01
1.861783956396821704e+00
8.961809065364930715e-01
4.743871749618926437e+00
1.963906102098927242e+00
1.250265889593718427e+00
2.001408830402287009e+00
1.215368743608162383e+00
1.286325015528403837e+00
1.329163255893545559e+00
4.866727388597399617e+00
1.220904565220886528e+00
1.363342525418316686e+00
1.755416858955484161e+00
1.766222229059623672e+00
1.891815717711925027e+00
1.411293704580143915e+00
1.663032797263323426e+00
1.621588303545825838e+00
1.035147759044493743e+00
2.085419633126147865e+00
1.009835214672485160e+00
1.934413497349334543e+00
1.635189789574424291e+00
1.250942548755855421e+00
1.587020149514903222e+00
1.983142831675113849e+00
1.010329220388506588e+00
1.939837998858385149e+00
1.476691009387377740e+00
4.925567861275063741e+00
2.136514266118163086e+00
1.790518568335901950e+00
1.841446306365277286e+00
1.364982535844940115e+00
1.570761271389883751e+00
1.496007908441987722e+00
1.062326897730755837e+00
1.780244717633727491e+00
1.412235271267511694e+00
2.139092484042044440e+00
1.665266554155289125e+00
2.110972515555953333e+00
2.080917743202283177e+00
1.818461256861864994e+00
4.836929567228105853e+00
1.789302006586941163e+00
1.068514769662013419e+00
1.408757405856252864e+00
1.748183242810362747e+00
1.698717331880317261e+00
8.452234254730216501e-01
1.689168917484748622e+00
1.153252465935578286e+00
2.154545057737663694e+00
1.034789809430898710e+00
9.103709974078079137e-01
2.147247800813776308e+00
2.178958649261780955e+00
2.125655156626087283e+00
4.876288389039097559e+00
1.498264932836410379e+00
1.390200890849844662e+00
2.013626538214671413e+00
1.583147476863619119e+00
1.791126387292161892e+00
4.748485746014407205e+00
1.973473267395514874e+00
2.174040269031850769e+00
1.645764636863132901e+00
1.684243932198597360e+00
4.695033662366867588e+00
1.245685875366476791e+00
1.707356347093839544e+00
2.129264486423270153e+00
1.194855568134185031e+00
1.639333660932446923e+00
1.776381813836271473e+00
2.098484769242833448e+00
2.037633748037138037e+00
1.407516765220685251e+00
1.041154901541535782e+00
1.905503736941918991e+00
1.218490062749813641e+00
1.907317844019127850e+00
1.741750493344263795e+00
1.903729797506662269e+00
1.288841045945404495e+00
1.319176834842817447e+00
4.690384294291185974e+00
1.752750536050967867e+00
4.814089061434793315e+00
1.391019105247695231e+00
9.984951239690860181e-01
1.669615250035672460e+00
1.713574381670236679e+00
1.631617469301163581e+00
1.845081668824118504e+00
1.730795148485097190e+00
1.844049873648696991e+00
1.725222245499977491e+00
1.781314502770908303e+00
1.334306072373118379e+00
4.621374182622824733e+00
1.469483299250484265e+00
1.376186812170346885e+00
4.564552254217923100e+00
1.458062522376621484e+00
1.152351873723868714e+00
1.116947993996698418e+00
1.626328323477588933e+00
1.178078989066081439e+00
2.238041531542848350e+00
1.558549509245218179e+00
4.554372127163680339e+00
1.752221880549445832e+00
2.128783044179243689e+00
1.001670764212633902e+00
1.313483133833097671e+00
1.888326930371954981e+00
2.053259341399551019e+00
1.379415996791757637e+00
2.031757690452596687e+00
9.995134930250276772e-01
1.067117109594838853e+00
1.422161894432090623e+00
1.934867727660109615e+00
1.984809438850543728e+00
1.733666702176306584e+00
1.026092137215818711e+00
1.208781271528341250e+00
1.660461991694417883e+00
2.211083947196505584e+00
1.491560195964745317e+00
1.933658073832973612e+00
1.430004950961089705e+00
1.289090925474578375e+00
1.934609042303497395e+00
4.829533955309956106e+00
1.128777644905202937e+00
4.622307714882747831e+00
1.827193462139441227e+00
1.059210371136485973e+00
1.866858508307887909e+00
1.688823903513387625e+00
1.990434448994064853e+00
4.854411106803349085e+00
1.862804973444246670e+00
1.389504034064169113e+00
8.679218483775067439e-01
1.880428997568986738e+00
1.618757174332265514e+00
1.734542929333185768e+00
1.045252906087977607e+00
1.552696608877215390e+00
1.630748359325127739e+00
1.416417684827606216e+00
4.738016717230213892e+00
1.315635870514694661e+00
1.195108204390181283e+00
1.801074687480897829e+00
1.213176193606780862e+00
1.879432031560109184e+00
2.088226443323513148e+00
1.720106690766386448e+00
1.115726234225025593e+00
2.047365742658818544e+00
2.144605043877459316e+00
1.103319135605014933e+00
1.395056366423831351e+00
8.898169317651473120e-01
1.215138270048226277e+00
1.910937454337992669e+00
1.123499802230269795e+00
1.390795830367739239e+00
2.051563365781101211e+00
1.306891868824856973e+00
1.982181929436156009e+00
1.837480855224771892e+00
1.693950234577141556e+00
1.179610594160586778e+00
1.290950482385186060e+00
9.988594515816419106e-01
1.996843502649187307e+00
1.858561860648094921e+00
2.301763737886113770e+00
4.772528449463768752e+00
1.030529689256093118e+00
1.886521768762800866e+00
1.466247149626469293e+00
1.267582586609856676e+00
1.743780746589609132e+00
1.198439367743373118e+00
1.507455725337765395e+00
9.478485407952329522e-01
2.229421374245794674e+00
1.688071018127441647e+00
1.649208342674972183e+00
1.820062593656850414e+00
1.883350430868433900e+00
9.774797360747067287e-01
4.642251787456267209e+00
1.782467708812764506e+00
1.688331021057766890e+00
1.061301542040947510e+00
1.551247328053354968e+00
1.657831245348883931e+00
1.832613544315204512e+00
1.193027053704893481e+00
2.307890728337737229e+00
1.701791820031165914e+00
1.605087703167257018e+00
2.137955898175980085e+00
1.986151163390629248e+00
1.907536638570984211e+00
2.013188818023101234e+00
4.542382465913873624e+00
1.599741085853448652e+00
1.955744417473984198e+00
1.991197620365365628e+00
1.091178927572890922e+00
1.627828238770901770e+00
2.034093509849462578e+00
8.188703429016314095e-01
4.649851871262236536e+00
1.624819668526554794e+00
1.872261097940977947e+00
2.017068431385393712e+00
1.976352824200897196e+00
1.005070885225558763e+00
2.132417565584172614e+00
1.576457685412552046e+00
4.967971878926020324e+00
2.200391342512612258e+00
1.617066608399683192e+00
1.312063399858051538e+00
1.367435388676484287e+00
2.292439430978009174e+00
9.079791852844500966e-01
2.257378869261335463e+00
1.674659603305607369e+00
1.984815653443814165e+00
2.167559614801379819e+00
9.344585200496750010e-01
1.549562296792693639e+00
1.596523942452253486e+00
2.079377925457678522e+00
2.320358986573708648e+00
1.931346354919607045e+00
1.533802586730570239e+00
1.945915337211415075e+00
1.482304142493224841e+00
1.995339994332570033e+00
4.701218204258228006e+00
1.147060860000634230e+00
2.165635764138819752e+00
1.545055580006349683e+00
2.122562042674391858e+00
8.758785401681704608e-01
1.297412088872293534e+00
1.906129542906280561e+00
2.019580359749050924e+00
1.359116578121325913e+00
2.253573492313397431e+00
1.377569297811296778e+00
4.936703408640498836e+00
2.149493708056625874e+00
1.299349215965077242e+00
1.300278514475943004e+00
1.377135775471108659e+00
1.089591388635934299e+00
1.630360900559235215e+00
4.959258113059549444e+00
2.147924747620393315e+00
1.365115511178297991e+00
1.138000773843055091e+00
1.562307158377100880e+00
1.541047633155027130e+00
1.525153667169715455e+00
1.045085295843315665e+00
1.537973902453441344e+00
1.621886930079001532e+00
2.082211361416269391e+00
1.454057986536090086e+00
1.141208855242543896e+00
1.303100052485410387e+00
2.237442427833755687e+00
4.867136349842462018e+00
2.005351242628580000e+00
1.736981352875247353e+00
1.214881418379089695e+00
1.462703332972242087e+00
1.707447339875732384e+00
1.798027785813474555e+00
2.282006182589847665e+00
2.225606755006249937e+00
1.204459576176890589e+00
1.304392186234141660e+00
1.361782445351753967e+00
1.199981929525444579e+00
1.825867003322683368e+00
1.939634558175282519e+00
1.859886418713752043e+00
1.018368203614977485e+00
1.651401034044693406e+00
1.263028390093765552e+00
1.908233718209541685e+00
4.502396537772171747e+00
2.123086236986169162e+00
8.335870131992401122e-01
4.533092102020662928e+00
4.734738340662667966e+00
4.485666831755232842e+00
2.242605829166114173e+00
2.184434657636818766e+00
2.295049571433398050e+00
4.607367282070939929e+00
1.694493138024924628e+00
1.646388623342714297e+00
2.007534812068655583e+00
4.770641591916526814e+00
1.768671472079444307e+00
1.664308228565119618e+00
1.483005269539711124e+00
8.842725192715127358e-01
1.227060768431589066e+00
1.290043638156699535e+00
1.803739312972846953e+00
1.823641857487697360e+00
1.279168127012844547e+00
1.883399499822608680e+00
9.776286797216233726e-01
1.196186188559892560e+00
2.118295001313193815e+00
9.847640704289571945e-01
1.995621622563428454e+00
9.743797051995279901e-01
1.263246608115877523e+00
1.309937829962830147e+00
1.417539730654890473e+00
1.457471975567173006e+00
1.482594900958993600e+00
1.472108099666757930e+00
1.820555731307763825e+00
1.316248204274728550e+00
1.287309972461546659e+00
1.561313911740352278e+00
1.445317083782763135e+00
1.721746170219352390e+00
1.220211339048494992e+00
1.258147599954525520e+00
1.866868383259240094e+00
1.030618846765242180e+00
1.636889933838944433e+00
9.359871247808890793e-01
1.280447198358399818e+00
1.200407679560736351e+00
4.685676440088333727e+00
1.449207356661679214e+00
1.943059689484208041e+00
1.026658309895625232e+00
1.879520226333071697e+00
1.666833799755286005e+00
1.182563489426932790e+00
1.322225597840171574e+00
1.577068766937126609e+00
1.497410731355326208e+00
1.605830131857242771e+00
1.560812832014007112e+00
1.314381984287257499e+00
4.766916530233540783e+00
8.589572346761525923e-01
1.558955801550351961e+00
4.758677924394326020e+00
1.063865568714397636e+00
2.137496699663540944e+00
2.232102652039260615e+00
1.897169531330166192e+00
1.342217061677357215e+00
1.238154859411359388e+00
1.288154072655797622e+00
1.257840283316568719e+00
2.230705199161014729e+00
1.791843035852785482e+00
4.595182801563582053e+00
1.338285061538647236e+00
2.056727711190285746e+00
1.325999977272295238e+00
1.848819217410793359e+00
8.910594825058782975e-01
4.986314619805292558e+00
4.747732523970356944e+00
1.086138458236865612e+00
1.261439143638771965e+00
1.842397709297844299e+00
1.953551532547338265e+00
1.596365614793190169e+00
1.782257673334313397e+00
1.030018349828226709e+00
1.900252065888157427e+00
2.093935736985136575e+00
1.479164604543657280e+00
1.588413582572997473e+00
2.007666053339780543e+00
8.721039536537757986e-01
8.176508498299818184e-01
1.555800622260856025e+00
2.037630783701990467e+00
1.320305141184815678e+00
1.341976194306387038e+00
2.156859432164623058e+00
4.654358106884172841e+00
1.561394210128400406e+00
4.782088060192095647e+00
1.560222233004315173e+00
1.649805609104845194e+00
1.268660730148034599e+00
2.181427891109772421e+00
4.751658795479504427e+00
1.964657744284363350e+00
1.633095815403520445e+00
1.230472675407255911e+00
1.993262858215945732e+00
1.175963954334329875e+00
2.219400296954939567e+00
1.129105106491586241e+00
4.544353692996026872e+00
2.250885261036720930e+00
1.595586466098596334e+00
1.854955017844524878e+00
2.160777191147602139e+00
1.994075918348410692e+00
1.637534410311259458e+00
1.578014703124789975e+00
9.659382894383263807e-01
4.917533702858952971e+00
1.768629428117734381e+00
1.317589195528234614e+00
2.236393605310339261e+00
1.175779310404103883e+00
1.748525502996147951e+00
1.182047005341848145e+00
1.444976712976483224e+00
2.101750313087920929e+00
1.594485188544414456e+00
2.326565809121363237e+00
4.833677984878749889e+00
1.912092149685519882e+00
1.782217257654110210e+00
2.159606633384114183e+00
1.203327156110837182e+00
2.106473491179342350e+00
4.624341811147716363e+00
1.647277863167975198e+00
2.080963996618915068e+00
1.393923633253646877e+00
1.136412749868185301e+00
8.847268777520267413e-01
1.778001653352051070e+00
1.632747152175739069e+00
1.310772010357696526e+00
9.592672931088221944e-01
1.491521569118936297e+00
1.201326126264647076e+00
1.323243681864840537e+00
1.592127637495979853e+00
1.055637473589093878e+00
1.321849478613250861e+00
1.430785502636799045e+00
1.981909787512845522e+00
9.747102416664862323e-01
4.643087893176575776e+00
1.839532634503718844e+00
2.179170512539805316e+00
4.738136631749682692e+00
1.368037429724696441e+00
1.756734702414632476e+00
1.742991604727475607e+00
1.202490506113267132e+00
1.970088414557926937e+00
1.602541528325085896e+00
2.098122478096836385e+00
4.606543041278455597e+00
1.486015051791560238e+00
1.479803800395866231e+00
1.575854105211173195e+00
9.285952608966617783e-01
2.121777899969234937e+00
1.807493565511781641e+00
1.810127580681213155e+00
1.214062026959614959e+00
1.245697108421474741e+00
1.188776982573177099e+00
1.161346595806703519e+00
8.398963624219081270e-01
1.257806022051427108e+00
1.277562723999597027e+00
2.124336763104127446e+00
1.482841086836127031e+00
2.070433543123390674e+00
1.404936916474255115e+00
1.949032922160086168e+00
4.679266452827626210e+00
9.892633838129276658e-01
1.224391910715941556e+00
1.154066921340545226e+00
8.880047730451346988e-01
1.703369574838113243e+00
2.064014715460396054e+00
1.306252125191610380e+00
8.721036622675779615e-01
2.016812776895125836e+00
1.619160954098994187e+00
1.796257033529949254e+00
1.174709402818417736e+00
1.182700402660499694e+00
1.460529235102929313e+00
1.375768499417850954e+00
1.561766945921396532e+00
9.964433592352802682e-01
1.328883382356544018e+00
1.134518227222676812e+00
2.207928196530294596e+00
1.666852259516790724e+00
1.423997395896331453e+00
1.731409091858577165e+00
9.132539597122765196e-01
1.088044187561103326e+00
2.010999725143540751e+00
2.089187413705548391e+00
2.010005285305862088e+00
1.272593482421721323e+00
1.102977806996062515e+00
1.064800301875797217e+00
1.058818571681358733e+00
4.444077017955589959e+00
1.355883064086273571e+00
1.946121342233736451e+00
1.156112813241786608e+00
1.830955751698614575e+00
2.259514572782193920e+00
1.446177038255167080e+00
1.770651259034652147e+00
1.200765353475779840e+00
1.540795596828257841e+00
9.575731325758071177e-01
1.219362097978223147e+00
2.213299957905451532e+00
1.842292036124134613e+00
2.154056339008870058e+00
1.371412094497171941e+00
1.599516078842200484e+00
2.188725619044142423e+00
1.255063280863592867e+00
1.571798784571061480e+00
1.466421095268419572e+00
1.863356116531271311e+00
1.790075709092145750e+00
1.781182286136892001e+00
1.236657072144975000e+00
1.227766637607323519e+00
2.128827247088576513e+00
1.407827124295887078e+00
1.152894332721826620e+00
1.982113567979404634e+00
4.818375999707471991e+00
1.956363003830140279e+00
2.002942468176891477e+00
1.712661428503926997e+00
1.309983040713888824e+00
1.649615409389258547e+00
1.646722365158972412e+00
1.037928899092554147e+00
8.566960866309475398e-01
1.888982139814054717e+00
1.893085830150906590e+00
1.941911424337251724e+00
1.718174986150258876e+00
1.379687005125829424e+00
2.258109163891295346e+00
1.433668780473389637e+00
2.024557120450217518e+00
1.954820786320238479e+00
1.318210579287500739e+00
1.549669004583666965e+00
9.440555512907921054e-01
1.185737412983549843e+00
2.223486196302194351e+00
1.009687912236941321e+00
1.449401221853352961e+00
2.277194823401319734e+00
1.428349039223578920e+00
1.077762815021377829e+00
1.485721063565405897e+00
2.011814862823692707e+00
1.722879804654702252e+00
1.891823711106669803e+00
1.155208023034972165e+00
1.299278207727485368e+00
1.414406209393226810e+00
1.277106261971350687e+00
1.283551961678774500e+00
4.706115664273062826e+00
1.452697471868851897e+00
1.395537460831293153e+00
1.093776675988787028e+00
2.210816822412768001e+00
4.871511734790610504e+00
2.209740621387988657e+00
1.551258247324795780e+00
1.483381733309631745e+00
1.662559154875220546e+00
1.398528753854625384e+00
1.821984182169344324e+00
1.834814126531109757e+00
1.508988257019291623e+00
2.234584069608982482e+00
2.168749180940401811e+00
1.931482799337275846e+00
1.053602684151117685e+00
2.143225061133950948e+00
9.196199944529711567e-01
1.627443013230671420e+00
1.829049252265062542e+00
2.086136229909834494e+00
2.182980122095551589e+00
1.968064152803550515e+00
1.547091224274280696e+00
1.996989778478012179e+00
1.580698189140263610e+00
1.048779475924427773e+00
2.258082056224844703e+00
1.812599410266538813e+00
2.306644365137000996e+00
1.451341107325870405e+00
1.241090788339429096e+00
1.008574125853429759e+00
8.900393099743429959e-01
1.060410754603187344e+00
1.436584275889030149e+00
4.585969191142524437e+00
1.416250209849635677e+00
1.028477739305243555e+00
2.050243274385801229e+00
1.552652541053714641e+00
1.184624860589267303e+00
1.895971263382072447e+00
9.984723581414668425e-01
1.509827079176590869e+00
8.849078730937414150e-01
2.157445032995329193e+00
4.439409824804221749e+00
9.749928616631471368e-01
1.083500524647658114e+00
4.946777956310972613e+00
1.025950929441424408e+00
2.025217279641711166e+00
2.154075499413075079e+00
1.189212992059783591e+00
2.301814175802272544e+00
1.995439642837246286e+00
9.489388909798026628e-01
1.808685068397413387e+00
1.044021874690434171e+00
1.167238974060901713e+00
2.165420135542136748e+00
2.257390137438034294e+00
1.076789868078813273e+00
9.944494132634978945e-01
4.657085386862318543e+00
2.046707187084306767e+00
1.894666055090726386e+00
2.173329086175427971e+00
1.512584856816682866e+00
4.534581125488140074e+00
4.877598888765859009e+00
1.205038519776828965e+00
1.422851899273797072e+00
1.470534626135190814e+00
1.723280404353501050e+00
1.434127257540529055e+00
1.513546980403103648e+00
2.165095784024596348e+00
1.931202395072510125e+00
8.210033706530667219e-01
1.152764666508119706e+00
1.668001251083869318e+00
1.843990277970727121e+00
1.994733073894819686e+00
1.530841644441258698e+00
2.084706194752180775e+00
2.031673853158201926e+00
1.563632534201168323e+00
2.104415652144254523e+00
9.717550504528390531e-01
1.927553341519221863e+00
1.957658430184130438e+00
1.451631525411264168e+00
1.364001441178770646e+00
2.029218301143862035e+00
1.496120021866966132e+00
1.888863564133491879e+00
1.529156689378824208e+00
1.059980727146381918e+00
1.264694083075962983e+00
1.984736726776858085e+00
2.089390479669076317e+00
1.425724382116431821e+00
1.723474310841111690e+00
1.866291003630750511e+00
1.672907469205836106e+00
2.115770931089714146e+00
1.878447906896118180e+00
1.981046311380878500e+00
1.349943333092445741e+00
1.355244832341561123e+00
1.967066603319857387e+00
1.282308857305559435e+00
1.239494527126275614e+00
1.309126279814052385e+00
2.248115277425264846e+00
1.894332691583878736e+00
1.678357375193426870e+00
2.017517409743427415e+00
1.309082424352943752e+00
1.969552533742196632e+00
1.817173673512153753e+00
1.536028957631587977e+00
1.244453974381682038e+00
1.970646692727642479e+00
1.852345851423215617e+00
1.734657411646108205e+00
2.182604319659879888e+00
1.578179377282474372e+00
4.876970450364396470e+00
1.068491466142067692e+00
1.852723277509717548e+00
1.652763896708336455e+00
1.568255498935590353e+00
1.575480665823856929e+00
2.206023297751181111e+00
1.283224013822658494e+00
1.468430289082095719e+00
2.227537280331087555e+00
