6.782499076732642074e-01
1.419212160874409712e+00
1.134751585780812588e+00
5.475603889181850370e-01
1.095830486192925779e+00
9.074754607181320099e-01
8.860732406196846211e-01
8.143549387648502114e-01
7.879014445651416620e-01
8.052029222972347799e-01
1.555895931450672842e+00
5.964401535052207270e-01
1.407184942633912250e+00
1.135642185313043173e+00
5.601516677752996776e-01
8.982650053548486557e-01
8.694628216355254624e-01
1.071681321526671393e+00
7.997455485574155309e-01
5.846386009663472327e-01
8.440847867855855169e-01
7.729571892214812667e-01
1.368899179014420708e+00
7.731977150333210203e-01
1.493296809446334139e+00
1.354864638215011796e+00
7.010877437223974606e-01
1.076792503770292120e+00
5.669765116463921784e-01
5.554036138566943448e-01
1.272037614157572660e+00
5.475446244716846156e-01
1.278475894334209606e+00
1.506100939650324433e+00
1.233858569321022003e+00
5.335183606602260653e-01
1.440553625681432637e+00
1.354425762289588109e+00
1.456971772533541598e+00
1.169664834935262965e+00
1.164645811640449447e+00
1.469846940319943007e+00
1.513681979917104403e+00
1.377065090875236208e+00
1.439989366276573035e+00
1.537953351102979482e+00
1.284422821092114253e+00
7.881161179885310952e-01
9.672388986434607983e-01
9.008039508186630462e-01
1.381585780267277741e+00
6.276453839676164881e-01
6.535315048318085518e-01
8.487222866248381736e-01
1.304113581955881118e+00
1.058166978005556480e+00
7.031552235438082166e-01
1.322950487151016707e+00
1.199609749292936733e+00
4.654303366615157866e-01
1.197975554854546543e+00
5.985188269688173079e-01
1.235368096402077454e+00
1.377418147487526223e+00
5.953207411187322329e-01
8.376067848220679624e-01
6.948430612600886569e-01
6.989765070802356206e-01
8.894820253182330605e-01
7.371858695856816635e-01
1.552193684513200722e+00
9.654547984632234625e-01
5.693610559080686251e-01
1.153153820269721130e+00
6.058902148103822993e-01
8.052705312827050932e-01
7.380222363793910167e-01
1.487840531624081475e+00
1.476213496556333826e+00
6.672828147048079916e-01
1.318973080353051719e+00
8.314253741942156939e-01
1.068598090067323980e+00
1.493826448888332825e+00
9.978127064684791936e-01
1.459142271945729874e+00
1.331458733196893229e+00
1.529830150210381934e+00
1.078328819086684431e+00
6.743201621031065240e-01
4.419186539969221506e-01
1.054015820506057022e+00
4.656535721610416401e-01
5.940698450662792451e-01
1.330229625696256024e+00
1.399736034079574809e+00
1.382519933637455400e+00
7.103643148013901731e-01
7.129284342134071251e-01
1.428475800972895282e+00
1.165893141530598642e+00
1.461571409524490717e+00
5.463263514447578295e-01
1.025066724765105075e+00
4.860536308229306823e-01
6.999978042098836672e-01
1.566718471682833735e+00
1.482792518707972906e+00
1.391095078068571134e+00
7.104421003841321358e-01
5.728503840615047915e-01
1.276226775057535123e+00
9.134535858191470403e-01
5.129251982988666247e-01
1.281522670335624170e+00
1.102857539695389910e+00
1.228107566562875119e+00
1.310702368943208018e+00
8.648156348554427719e-01
8.804698521689027224e-01
8.379809283842738488e-01
1.007791628315247934e+00
5.753716931701434723e-01
1.028480744663229363e+00
5.222354512272072702e-01
1.055258219648741447e+00
7.319255137751072837e-01
8.377625413288268819e-01
1.003904152241128944e+00
1.474119226906063895e+00
1.003562751909540696e+00
4.322669519690700568e-01
6.703286600777692561e-01
8.979133217478513229e-01
8.393091216422300382e-01
7.396407773220314841e-01
1.180115577526098081e+00
1.508005683029487232e+00
1.294147439457278503e+00
5.379947600705433652e-01
9.619639117632925451e-01
5.365631990747203872e-01
1.292366864557642270e+00
1.066843992595041923e+00
1.054276005272302141e+00
5.862385802068820206e-01
1.423272679559736131e+00
9.925908959797817843e-01
1.091780129694197798e+00
5.559504697808058671e-01
1.365426365294105659e+00
9.131164771389073120e-01
1.444427425291348710e+00
6.684582756774419821e-01
1.282512956416205885e+00
6.703975803069163186e-01
1.360053090478558158e+00
5.182296145800002751e-01
9.969052868315411153e-01
7.974557061774791844e-01
1.223312115625330376e+00
1.510418701397736374e+00
1.276641446568152150e+00
1.441758010737940188e+00
1.420928583342633500e+00
7.544907678478002255e-01
1.197458156367402049e+00
1.240196435544599796e+00
5.991118072650832849e-01
6.917823715291584463e-01
4.488511746332152219e-01
9.359700121456454580e-01
7.657389003004101413e-01
4.577357887132951775e-01
6.584834879146171938e-01
1.040533553080387863e+00
6.230152720314485748e-01
1.428684163876130508e+00
5.629235363589140118e-01
1.417399723825462310e+00
1.373027831015003253e+00
7.865217110881856932e-01
1.184426978343450676e+00
8.797288927737474395e-01
9.685984191183166780e-01
1.070859268014754617e+00
9.044430374395912020e-01
1.089329374597062250e+00
1.315256642470582493e+00
1.168364134559243039e+00
1.430400527924923448e+00
5.969777669674576348e-01
4.808214948055625215e-01
9.167351379271380107e-01
1.302413959229613116e+00
1.443087311524518412e+00
1.011216787027388486e+00
5.045489927481673353e-01
7.761414658100185271e-01
1.061011092386545229e+00
1.144510422476472167e+00
9.820685814498718580e-01
1.372683590070727044e+00
1.012686516999848463e+00
1.367758494868739128e+00
1.457409329550160226e+00
5.218865590323371606e-01
4.911878536436251053e-01
1.470968709937962471e+00
1.027240888688389475e+00
6.611580944071929755e-01
1.052558152198649566e+00
1.384523978851466275e+00
6.058331552495200834e-01
1.102712886855753194e+00
1.007996050992884030e+00
1.435445109025313526e+00
5.333876125405440094e-01
7.603625275814904771e-01
5.092900527542149058e-01
1.161297334421451000e+00
1.312276648973815352e+00
1.527313800830577550e+00
1.323669761025568103e+00
4.339186832758330503e-01
1.449170792556834897e+00
1.019579083741719572e+00
1.282613438619280011e+00
6.992705489277105668e-01
1.459937164799565146e+00
6.697470216486197669e-01
8.160825352285566714e-01
1.025103969253529979e+00
5.613333277844132496e-01
6.987745176049041662e-01
1.003476529217886437e+00
1.388391786862712918e+00
8.193181981385039281e-01
9.553915395610954597e-01
1.408742097126014947e+00
8.544977977412963055e-01
1.390511742955194308e+00
6.084936906411627655e-01
1.216326656931612460e+00
5.489460464090987202e-01
1.259899269589687565e+00
7.087713219170825862e-01
1.401117798272046855e+00
8.738929205639229814e-01
1.030423632516171528e+00
9.867893734426936847e-01
5.803971328799925056e-01
1.058050800990788742e+00
6.980709415333153922e-01
9.227465004308821328e-01
1.190384882565604485e+00
1.538415906081582962e+00
5.931269825740137502e-01
1.015836253145922852e+00
4.595303153525455153e-01
1.148396900410625143e+00
1.192841400035583144e+00
1.508671295255445077e+00
1.447484924797987738e+00
1.449725400852017509e+00
1.161664576705655927e+00
1.158701963509877642e+00
9.037728308367375396e-01
5.751867197337147131e-01
1.564456155926041481e+00
1.202481839356589477e+00
5.579005728183091817e-01
1.391498337234810867e+00
1.385581212201106194e+00
7.521080608873836892e-01
6.602698464336573814e-01
1.481627540635215512e+00
6.150936062214920064e-01
6.703230396094893573e-01
1.029238311871518707e+00
6.826456965213468786e-01
6.436054436572105075e-01
1.512384493292054932e+00
1.068335836912073011e+00
9.070560951273033412e-01
5.977607934519951760e-01
1.479707434877684857e+00
1.436919246242390757e+00
7.326927867392873939e-01
1.284270748606207269e+00
1.251498153081249232e+00
9.732550970797932965e-01
1.502387154057034158e+00
1.075667199264270568e+00
9.136784887507067854e-01
5.042251122618740533e-01
1.531243478289119331e+00
1.359796340361649314e+00
1.339862018823951173e+00
8.921845447790051065e-01
1.029266576637200226e+00
9.462282252743284827e-01
7.602100426864625282e-01
8.341647730209417189e-01
6.584759554488259781e-01
1.525202234257551526e+00
7.262013614365043779e-01
8.867134265031683116e-01
1.103785389615948409e+00
6.496249584662631138e-01
5.585084286331348791e-01
9.643583926798268147e-01
1.236351746083250047e+00
5.851527932318133507e-01
1.538613520255619038e+00
1.281368347696173249e+00
1.212025132708064445e+00
1.224064539012585273e+00
9.231955305091982256e-01
1.132290993985182626e+00
1.000819642164095580e+00
1.556880775785617566e+00
8.497325465727583182e-01
9.855563412967571768e-01
9.832075836259990265e-01
1.415501625453812418e+00
1.498664704929310254e+00
1.002399982020367952e+00
1.513044598501489313e+00
8.193476323801781591e-01
6.372188701190560911e-01
9.922644327953804577e-01
8.101486496532791515e-01
1.031986726315152314e+00
6.102757429533401945e-01
7.825041911740399092e-01
1.012585966829768980e+00
1.390011568695144195e+00
8.467005569084091743e-01
1.449561936504353055e+00
1.099713817274325711e+00
1.486266761530748326e+00
1.028531865917869492e+00
7.917889858202196152e-01
1.448830635184570559e+00
6.912316036447158085e-01
1.416832719815783959e+00
1.117193611255932195e+00
1.505835542854086828e+00
8.897451795513999784e-01
8.047718891315053247e-01
8.944141646225658437e-01
1.294410648812933884e+00
1.308450497558445447e+00
7.075284876390425248e-01
8.979232151208437207e-01
1.311740233563421620e+00
1.364600775458957305e+00
1.245996109423029852e+00
1.436223555385794270e+00
1.014673734703499974e+00
1.123448557257422653e+00
5.717915224409397812e-01
1.179409597060781412e+00
1.491176052230970273e+00
7.325495826376923203e-01
1.512313320810728001e+00
1.304991593666870120e+00
6.681930665644230105e-01
8.253167893317532311e-01
9.346102095214237071e-01
1.117000323389766070e+00
9.409958900570034590e-01
1.070162241502143896e+00
1.481822185742149856e+00
8.448802102212084053e-01
1.168262215993733255e+00
6.979944678446117212e-01
1.292625946744897947e+00
1.417596624517246440e+00
9.217713286105265746e-01
1.192508235803033445e+00
6.263878864957530546e-01
4.373193178976896300e-01
1.417690903739682318e+00
1.507036869682224722e+00
7.112498124613112482e-01
1.268150870579728418e+00
1.067436039568827599e+00
1.412242149379588030e+00
1.035662112705307614e+00
1.071735602266159493e+00
1.386261166344086693e+00
5.750369684843882334e-01
8.693480980277010772e-01
1.164191266213091325e+00
5.400533908868057065e-01
1.519022952277217842e+00
1.289188040202276397e+00
1.378798171160096286e+00
1.548706982527667586e+00
1.296732210972154853e+00
1.322777338066481789e+00
1.167909009762221562e+00
7.459385607687130104e-01
7.040620142831059969e-01
9.520289694759040966e-01
9.503966191150834408e-01
8.652696383542257674e-01
1.270931075245987252e+00
7.515385237427201215e-01
9.139500722664118948e-01
6.178931974774217739e-01
7.402944548716413609e-01
8.338252912476192824e-01
1.277197394938602404e+00
1.082461803903360664e+00
1.004338004596668110e+00
1.083431392644464974e+00
1.446721490373953811e+00
1.564599883447292283e+00
7.355965722712398680e-01
1.096598886870626899e+00
6.477891424950386057e-01
1.435533022673081582e+00
6.591793711567971448e-01
1.072216493572597296e+00
4.887799360100185120e-01
1.030586720960787517e+00
5.834369001860527648e-01
9.460748850491337292e-01
9.832800498817210189e-01
9.665986153849525087e-01
7.255460393513710748e-01
7.440745802786615792e-01
1.245640258573071035e+00
6.911031268920329040e-01
1.032682243315763859e+00
7.679359346786649443e-01
6.627688354433960427e-01
8.466586058620771960e-01
9.751155120079340044e-01
1.025026516230529872e+00
5.240395685565771844e-01
5.874634470176953727e-01
1.010877817354451036e+00
9.524721221305046948e-01
6.283403472735488160e-01
1.564698220330184686e+00
1.558490189501552381e+00
1.026939007644246171e+00
7.464858642122786936e-01
8.444927853293084929e-01
7.276051712144535610e-01
1.131545810581902067e+00
8.503084610267348520e-01
7.792982920608004793e-01
7.781000801126490840e-01
9.597986872777598544e-01
8.031961362203257071e-01
1.255504885980084806e+00
1.079137087851238519e+00
7.149555882935803020e-01
8.714084023754811170e-01
8.887455024981866236e-01
7.943336969015682980e-01
1.282547817660397271e+00
5.211683780039723102e-01
8.730895039538850710e-01
6.430176380311910522e-01
1.519878363154509859e+00
6.010445344579328220e-01
1.487111741213908545e+00
1.247559073788655271e+00
6.361065561509292587e-01
5.341039674120602321e-01
1.556749757579600768e+00
1.425296051323881263e+00
7.213873109509590931e-01
5.491012736649172332e-01
1.179161375102315112e+00
1.440275882592074508e+00
6.236358151991850951e-01
8.503668360822133065e-01
1.209844862522861053e+00
1.422468528364403850e+00
8.415424289417468007e-01
9.070000441416877779e-01
7.912414355983552472e-01
1.223867865299173685e+00
9.327233584711992487e-01
1.557141504492943751e+00
6.780141156600175689e-01
8.109174713786551081e-01
1.101012498495555603e+00
1.242670119294592146e+00
6.603134963228040055e-01
1.410909035065615935e+00
6.624117186634416177e-01
1.476800687743959672e+00
1.458647551358174033e+00
1.158746326952608152e+00
1.270324013595457213e+00
1.427714037118220203e+00
1.224023334517618578e+00
1.539140914747918254e+00
1.200599407433665222e+00
1.068384344164730049e+00
1.174434639045516038e+00
1.117629339252041998e+00
9.497982256580965732e-01
1.363003812026442496e+00
1.556719617422361646e+00
1.152603350354426848e+00
1.115931131577799995e+00
7.370768870926370786e-01
1.232913510515578848e+00
7.698467749515711667e-01
8.951799557165943666e-01
1.385539264156598005e+00
7.886419019649512085e-01
1.235262326346239004e+00
1.344831445560517924e+00
1.358484016146549900e+00
1.404031696795817741e+00
1.199582005315912525e+00
1.222974268206756365e+00
1.222151577844127646e+00
6.838800613880275936e-01
1.535975085861201572e+00
1.189665451833199050e+00
1.153110739352438019e+00
7.192061180883119187e-01
6.136901370588875304e-01
1.018547844550325543e+00
9.683767045071023372e-01
9.738424491085354573e-01
7.064172359813486457e-01
7.504473397571280735e-01
1.216109918040618521e+00
1.009425635822085665e+00
9.742558718641841642e-01
1.470786362092070920e+00
1.553532662153586097e+00
7.958002588501480457e-01
1.476990195150214680e+00
9.910722732693140191e-01
8.957499468039549217e-01
1.011633352629867089e+00
1.524012808016132592e+00
1.486896860546617072e+00
9.776432392341531941e-01
1.398641209596998891e+00
1.283861809282206279e+00
6.792784485250729087e-01
5.021206656139982627e-01
6.848716828294528769e-01
5.963727052105203263e-01
1.268052892092056405e+00
1.273767743125719942e+00
8.222288140771656373e-01
1.126229551760022929e+00
8.466368451155916741e-01
7.288932642341799939e-01
9.128824252200383738e-01
1.236096325011404540e+00
9.055956756344325509e-01
5.129278418397610340e-01
6.045942961070588373e-01
8.142280016924032804e-01
1.289159543547455877e+00
9.482777127268059436e-01
9.147433846459197548e-01
9.196493966459239333e-01
1.417821054600057362e+00
1.118317364534042957e+00
1.560174074419659496e+00
6.272164221758758096e-01
1.102119860006706809e+00
9.847857444840267815e-01
1.160731570417227854e+00
1.436195600124852145e+00
8.387076535124688981e-01
1.023806875413478590e+00
1.239652364239605786e+00
1.149894373212229759e+00
1.355472873426744496e+00
1.303414631498708509e+00
1.387504059383865229e+00
1.162440295629709075e+00
8.196462913503133052e-01
9.481086016970238228e-01
6.917242170197582807e-01
1.225553844803578984e+00
1.266202929878137651e+00
7.197103116666685452e-01
1.517985834848465165e+00
8.271028496602029767e-01
1.229483885942659782e+00
1.291705338333972053e+00
1.140578645151358650e+00
8.386153320215609108e-01
1.243019856802276557e+00
9.475396982475821073e-01
6.844233204651155589e-01
1.473519090891372008e+00
1.386064372195941807e+00
1.226556749337893937e+00
8.739360802784639226e-01
1.271529085539557125e+00
5.082015750345854066e-01
9.411233294325620502e-01
8.877575020057375532e-01
9.513245305554939302e-01
1.052617631394969777e+00
8.142256420210437495e-01
1.438949238164565880e+00
1.541013988809202706e+00
1.222769105816341462e+00
5.898512002745694982e-01
1.161288257441425831e+00
1.365506238767499436e+00
1.560483389901160756e+00
1.076740715580428276e+00
5.968922974247280466e-01
1.515360409556503640e+00
1.296641233166708318e+00
7.336903324400150250e-01
9.464194996487710343e-01
5.234244062161335087e-01
9.414708389989971948e-01
6.154819594790530424e-01
5.154909303923935759e-01
8.977966895950507675e-01
1.490027035113666409e+00
5.670622512997016695e-01
1.433685360692436905e+00
1.425702174773597619e+00
5.526336242201773663e-01
7.157425440531534067e-01
1.300004741628476124e+00
1.068712630099218464e+00
1.325415074139758786e+00
1.530037157125608616e+00
1.089744557412324788e+00
9.568145206312417272e-01
1.331928735401378905e+00
4.433627646758420138e-01
8.374100247494412619e-01
1.225843470955948478e+00
8.888779195447092940e-01
1.147609723752798239e+00
4.771701189031880008e-01
8.391414339120667476e-01
9.889520851247231015e-01
1.085627656605272051e+00
1.502591450089979963e+00
7.387740362271949524e-01
9.464426150574682950e-01
6.737210685091720164e-01
4.620857613585760415e-01
1.196689522593937127e+00
1.322000814588402129e+00
1.149495000856615601e+00
9.267597441762973620e-01
4.627893501828246881e-01
1.008035990949196492e+00
1.149818044101370784e+00
7.549774940959385061e-01
1.461181421264818869e+00
1.191121434904851117e+00
4.653646268188748603e-01
1.232147606469383927e+00
9.547771929495096899e-01
7.478682231244732082e-01
8.186976248480889451e-01
8.302402147757625972e-01
1.452774786682463404e+00
1.089659065222168488e+00
6.621218685956944405e-01
1.317163155137240249e+00
6.355864790328543679e-01
1.180966406631002830e+00
6.112782442507799230e-01
7.015628866571260724e-01
1.045445944733516042e+00
6.983167771225224918e-01
1.515334036469272450e+00
1.441213452082678037e+00
8.173811976611876640e-01
1.079115835274198965e+00
1.309006059308391645e+00
5.742554361551615028e-01
1.488104592193850051e+00
5.162150563318727015e-01
1.473706994106663171e+00
1.024090856769182434e+00
1.347368956385400773e+00
9.260396941484939637e-01
1.098779075631193702e+00
1.131516149361324386e+00
1.004044955829162644e+00
7.436413643087392833e-01
8.837069253022680204e-01
1.420072539646206833e+00
1.063360988262572748e+00
1.484784672782721415e+00
1.147063304071597845e+00
1.219800334193201552e+00
1.436512366836831367e+00
1.066897711680574234e+00
1.011270187634078610e+00
8.969770963525997010e-01
1.442438222985822804e+00
1.490004992929273575e+00
7.691445389886401030e-01
5.713264984862024276e-01
1.066901594982261114e+00
1.047197659553920968e+00
1.362898180810516280e+00
6.872545686213742400e-01
1.181651874144782122e+00
1.378313848373017736e+00
7.785562013463414033e-01
1.216685205094818700e+00
1.322871002988056821e+00
6.128267240754391443e-01
6.297156682138015382e-01
5.155485999854597656e-01
1.138651874217189608e+00
7.215413909090130362e-01
8.882582199834723191e-01
1.288277526064280476e+00
6.710186466157815888e-01
1.135187236536796984e+00
4.836888494271744943e-01
6.655603515545042148e-01
9.988797323324107857e-01
7.696585515179087400e-01
9.796250039188003633e-01
5.960427416840711201e-01
1.098344787023945779e+00
8.744185243617134118e-01
1.408328059570132851e+00
7.261227474305312901e-01
6.715006041779504331e-01
1.352037661072137631e+00
5.117030664833811526e-01
1.107917629664547654e+00
5.753849606067379385e-01
1.224733128231617618e+00
1.108710611388065370e+00
8.179869471735148334e-01
6.018254946311588638e-01
7.370618750390688367e-01
1.051706619983257651e+00
9.539726565243341616e-01
5.479899293376823133e-01
8.096225434821643363e-01
1.073037491340445237e+00
1.447480161057629999e+00
4.578478893942476424e-01
9.433283718193931078e-01
1.193290658760964629e+00
9.546450472755340089e-01
1.481220315090132855e+00
8.645669266660115371e-01
8.833186680328172224e-01
1.349856113653500334e+00
4.708747630807088580e-01
5.820674306788021779e-01
6.429954439992798809e-01
7.503819932755781963e-01
1.206131206668921152e+00
1.076620408160039233e+00
1.277588503665978870e+00
1.568367230902841358e+00
5.527771863549314491e-01
9.620660865778570825e-01
8.250039960404603745e-01
4.919252196523505316e-01
9.604109430819709470e-01
1.330108990374825106e+00
1.128613798469555451e+00
5.570124413489181414e-01
4.531097140635930720e-01
5.648118551117952135e-01
1.443005204285519039e+00
6.232390911763329155e-01
7.432158419642017622e-01
8.990955586422135770e-01
9.020288105344228535e-01
8.195358129530179170e-01
9.997740899920125601e-01
1.488603070623955471e+00
6.367985121815025185e-01
1.031336168107790163e+00
1.342791484228021970e+00
1.151163652953838712e+00
1.379581162455868926e+00
7.765740922601100937e-01
5.918505243364378110e-01
1.358281446704425521e+00
1.468184452273611162e+00
5.596142911679725662e-01
9.007689935598933717e-01
6.200911930027250829e-01
1.039745673879982846e+00
1.317722275103078156e+00
6.864952370816679306e-01
1.203790023751945215e+00
8.343103078485987201e-01
5.437910590046950432e-01
5.982079088252527654e-01
1.050572379662241485e+00
1.274789747761647218e+00
1.521452344113331412e+00
1.410049947281948546e+00
1.541184577539534528e+00
1.355680604004578127e+00
7.161461681077969654e-01
9.395658102306924109e-01
1.052811014271215928e+00
1.221477957125940650e+00
1.189639287892549024e+00
1.025710061883041035e+00
1.553252183703420997e+00
1.451132405897787025e+00
9.698824670620536104e-01
9.573586455480083135e-01
8.684398921802684024e-01
8.851890373924775623e-01
6.670274633301239708e-01
1.460458427589664820e+00
4.903767294702903734e-01
1.503494014768176568e+00
1.555712202329325722e+00
9.940336581257348536e-01
6.954026781099950094e-01
1.491442573901200053e+00
1.132481584434458011e+00
6.479508676078591378e-01
8.961939195871327923e-01
1.260890133959310599e+00
1.016779192914371466e+00
1.212664999640754360e+00
1.417573307437820507e+00
1.325977823678887502e+00
9.899287854084058980e-01
8.977326844047278653e-01
9.371231630057964557e-01
1.380683353162968974e+00
1.390038103590609975e+00
1.237480916680906429e+00
5.821819948508332176e-01
1.254916030854717146e+00
6.258205505728222651e-01
1.326613700319450029e+00
5.067641418907907758e-01
8.723572970592978759e-01
1.469354150277243143e+00
1.306423164546409277e+00
1.116110425691198449e+00
6.908176568984276678e-01
6.278439768675773136e-01
8.578740371093309669e-01
1.212196031939151597e+00
1.021499833145631531e+00
1.464996590438195634e+00
8.668920330519288564e-01
1.320455073109477295e+00
1.521288780209965275e+00
1.218516074580539676e+00
7.897295277064703134e-01
6.685287957994642261e-01
7.655206162067573761e-01
1.302802439652117394e+00
1.171152568136559768e+00
6.823472442084240752e-01
1.430075041692773219e+00
1.376920002797364040e+00
1.000749447372331291e+00
1.467555698043170986e+00
8.364693061405391594e-01
1.100591883405288129e+00
1.366232943946806389e+00
6.948729675733140709e-01
1.535752700948590066e+00
1.138045811440213217e+00
7.260985868710990720e-01
1.186435796646198471e+00
1.489674680697123277e+00
9.861087533380288317e-01
1.467199630951415035e+00
1.165119274139343908e+00
5.976998378329646533e-01
9.867508852586197587e-01
1.133434257130654377e+00
1.477872933513224352e+00
1.351842860893861964e+00
1.009796714816556085e+00
9.956561703014775722e-01
1.095747859957778125e+00
1.065928341488898479e+00
1.533108802973679685e+00
7.440888956093690831e-01
1.513292317795797759e+00
5.611948378085722666e-01
5.048154734410965627e-01
9.291608436830798290e-01
1.532487133003993307e+00
1.339333074683083158e+00
1.464316051839663402e+00
1.436649710665129920e+00
1.059648945949369869e+00
1.436378722833083099e+00
1.319418509010151341e+00
1.355620976752478501e+00
6.455244059863629591e-01
1.029623040635281983e+00
1.248989436196555003e+00
1.352877384683610629e+00
1.113898737069515921e+00
5.548354468314649068e-01
9.560802524722820106e-01
6.841094651459707077e-01
7.349652873819417787e-01
1.338241116989407065e+00
1.002715992199370687e+00
1.392296798237860234e+00
1.198920757890844735e+00
1.162085465031838405e+00
8.638750908367582859e-01
1.524107417746820792e+00
8.051881949567808450e-01
1.459307888615181126e+00
7.800208373258062933e-01
9.462829900859194288e-01
1.473445458545598052e+00
1.421053471140828472e+00
1.431493304235998520e+00
5.741107081047420735e-01
4.469664850400512646e-01
5.894030162701012765e-01
1.407898802300829866e+00
6.591437215135769190e-01
1.444401415604235961e+00
1.137310331422546561e+00
1.508466492095356326e+00
1.556059382454542783e+00
1.252985490089030707e+00
1.068492138218668952e+00
1.124364593271569346e+00
1.235789701908839744e+00
9.635346947607789092e-01
9.324393170571750877e-01
1.353501770323090492e+00
1.334151206912901788e+00
9.602125484988089932e-01
1.102494447815070888e+00
1.081786053705129813e+00
9.595931433298167113e-01
5.644425961533108271e-01
1.411325385281896994e+00
4.965469005072660758e-01
7.278922197128990801e-01
8.424014391699169435e-01
7.099062384167759143e-01
1.534351187299997976e+00
1.519798470942086865e+00
1.291240082119528898e+00
1.376693433389285737e+00
8.165004555697068511e-01
9.619104542669820734e-01
1.401284150304427101e+00
7.044585406506452818e-01
1.348156745786639243e+00
1.253658143504335465e+00
5.132870755720280176e-01
8.361916876068111737e-01
6.100458323796189575e-01
1.132685131019905311e+00
1.163985484367797030e+00
1.133174338610029475e+00
9.226010578713702559e-01
1.463421623268348348e+00
1.124191432998067564e+00
6.909056884405777588e-01
1.456141785914334186e+00
1.010387275999414136e+00
8.049512464152808189e-01
1.410472298046949291e+00
1.556049901382458911e+00
1.426839587427295886e+00
1.466257807104392796e+00
1.065757342462145374e+00
6.381311928485811080e-01
7.318851326770563492e-01
9.284649266754765318e-01
1.285490315301328623e+00
1.162697951746002545e+00
1.272926603770071718e+00
7.006958018175580838e-01
9.635011642898538842e-01
1.090758957932951301e+00
8.136176924324175497e-01
1.486698782078277103e+00
9.066592446146995998e-01
1.014869206884183583e+00
1.561342537493921379e+00
1.216967483811671080e+00
1.383605937409871478e+00
1.322460389583007823e+00
8.295449323710347711e-01
9.323845753235355804e-01
9.251871574550105670e-01
4.686829338670397971e-01
1.467812643224861269e+00
1.524861800601202688e+00
1.118666882199900181e+00
9.452389744488945977e-01
8.509131953745915355e-01
5.239996472117952608e-01
7.644970089539133706e-01
1.029912156866345629e+00
1.410913059738360786e+00
7.018737323984680643e-01
1.122257717947035660e+00
1.099729357861840340e+00
9.030387297027373528e-01
7.035968761192431531e-01
5.291485911170165091e-01
6.812233466825018402e-01
8.075419570721658058e-01
8.089378192862485273e-01
6.839529774137306228e-01
1.479073800148913209e+00
1.458169431819964723e+00
1.007755892788146479e+00
5.649566373948619047e-01
1.561333837691597060e+00
1.335452232333329992e+00
7.016355099413478236e-01
1.509746251446934195e+00
1.275550110761019651e+00
1.375176839547457508e+00
9.561393044135721997e-01
5.828053975598224135e-01
1.003934022432497741e+00
1.337180860746836286e+00
1.101448855306822017e+00
9.715591452381920901e-01
8.064481764317539270e-01
1.223903604720281146e+00
8.838179018266311138e-01
7.043457422160841475e-01
8.042278024857956176e-01
7.586330494048773021e-01
8.301337041763579006e-01
7.401162199776197825e-01
1.520216675502734649e+00
6.218144226831238131e-01
6.184132882815595034e-01
1.228753454320317573e+00
1.330136321492858320e+00
1.535930443584782701e+00
1.369317185624088662e+00
1.055342628282761597e+00
1.045516642607999147e+00
1.339739046447463222e+00
1.254228188455901893e+00
8.025724133020605278e-01
1.188125471342106776e+00
1.202251321020656016e+00
1.518934661625289451e+00
7.404463807796659580e-01
1.475030828440571318e+00
1.125569933850341764e+00
1.479722638017610503e+00
1.450196805005410816e+00
1.215558791598885024e+00
1.559933388885255123e+00
1.497845578983502790e+00
5.332066205887842081e-01
9.158026548919306897e-01
7.093579572084094398e-01
1.115949965499645424e+00
1.450747693037147013e+00
9.182267814964309993e-01
1.363953410709541014e+00
8.644807008572202855e-01
8.811257625226421863e-01
1.268040628703624551e+00
1.305871922196111923e+00
7.585332912477809053e-01
1.064841229753095586e+00
1.416061432684174504e+00
1.168168530621340517e+00
7.535663196632697014e-01
1.570558858529911062e+00
6.055157147980332333e-01
1.249620973222631104e+00
7.473796618312265050e-01
9.613060202693323175e-01
1.336184806559863825e+00
1.034675435527836695e+00
1.438685865629428795e+00
1.228447009718765415e+00
8.691246554491458554e-01
1.047373430418137463e+00
5.707020520081715897e-01
1.086171044239842898e+00
8.891469949353018043e-01
1.334084971997851365e+00
1.487506925168077254e+00
1.148355929822219013e+00
8.851431581164705964e-01
1.175200624606113742e+00
7.472240977948853002e-01
1.420966954141748007e+00
5.705463449528612729e-01
7.717585827912404328e-01
9.868526150946448361e-01
9.319307558830506322e-01
1.450159062792963471e+00
7.815330519426680889e-01
9.990827322910688091e-01
1.534218529818229815e+00
9.448206387816877605e-01
1.470832039363778820e+00
1.511427590178012759e+00
1.178398122857915453e+00
1.321664726428935177e+00
1.024941212625570142e+00
5.887148436620835978e-01
1.524040289964282424e+00
1.042733415081975812e+00
1.293396048864887904e+00
4.732597731733586000e-01
1.240872876881506492e+00
7.675355096142304490e-01
8.405243495485725802e-01
6.695108898538513209e-01
1.452033929197660944e+00
1.345862434017947251e+00
8.232640366615391336e-01
1.245021070381572281e+00
6.968220084168448292e-01
8.008974880188033385e-01
1.175987533959545805e+00
9.244214250407549738e-01
8.461839843069728362e-01
1.083539352396332589e+00
6.010327461322581000e-01
6.057178785855300562e-01
1.406631291510264781e+00
1.324590716407261670e+00
1.277544507287651676e+00
6.107398072331593486e-01
7.283474482041450981e-01
1.358985520333767294e+00
1.019282665585424796e+00
1.170222470912061885e+00
1.284489974555842018e+00
1.052236693922708799e+00
8.510443812972696698e-01
1.086923256533809168e+00
5.277239946874086041e-01
1.483615640447425221e+00
1.319715560048109637e+00
1.353661294273700300e+00
1.001033255287649304e+00
9.833103123807602763e-01
1.386868162326605480e+00
6.965301603139880671e-01
1.526279625361225412e+00
8.472030983693737971e-01
1.088292023976502376e+00
9.556947067172991694e-01
1.050959416192738249e+00
1.003420959407637092e+00
6.676148779666145616e-01
6.050015550314884472e-01
7.414133801128449663e-01
6.414738469976286606e-01
1.177013011403699627e+00
1.261618720283613548e+00
5.823575234557618607e-01
1.244226529695432015e+00
1.038898218054274070e+00
1.546412948250992736e+00
1.279485373235811130e+00
7.342689634925746445e-01
1.567406736521149480e+00
9.900411255076453365e-01
5.300796919169203925e-01
1.013436467791276829e+00
8.809250511353917679e-01
1.179176692026800977e+00
7.229113456005770155e-01
1.184898193302790892e+00
9.026382780964883334e-01
9.141054419792806751e-01
1.298782726402519794e+00
1.470229662036879104e+00
1.053625997867416508e+00
6.096791527441302039e-01
5.095786495631577928e-01
1.536564836733382844e+00
5.255800434784290154e-01
1.469508796264708428e+00
1.094766977093549976e+00
9.538087217055352118e-01
1.364560318586453880e+00
1.491624810974728321e+00
1.428875597244244178e+00
1.036145209170977743e+00
6.776799386434771977e-01
9.995109904006419521e-01
1.480468721576715385e+00
4.478911857351719483e-01
1.043694553644358702e+00
1.448705346765321256e+00
1.334159123038802131e+00
1.506904268661848789e+00
1.382515867623739902e+00
1.262536409487059696e+00
8.699440961184199406e-01
8.982991497593236785e-01
1.514224636266129576e+00
1.041116604979690052e+00
7.328277994740984846e-01
5.709563755606639202e-01
1.049116338190392295e+00
8.022246315767769254e-01
8.714065670861554924e-01
1.157096191576907795e+00
9.695345185053946269e-01
6.176516916355995201e-01
6.432799495748432461e-01
1.314109192037284490e+00
1.263899071792484952e+00
4.513814497965753514e-01
1.551786555861108585e+00
1.155991329118413846e+00
1.208029508997034984e+00
6.411287075269341829e-01
1.147902561726412918e+00
9.540769970379355813e-01
1.171096920693817545e+00
4.446193196588265062e-01
7.116669244630117186e-01
1.195397217443022297e+00
1.428217887916452433e+00
1.470483056823555623e+00
8.051520840328189044e-01
1.142457819484123949e+00
6.537402830446772395e-01
5.440497269485053966e-01
1.027848502886371973e+00
1.355437065855539913e+00
1.446871294842176692e+00
1.179454739639277605e+00
6.074253229273111065e-01
1.107331380140419874e+00
7.743867371779069586e-01
1.516730852491130710e+00
9.100920806563775889e-01
4.968157785265830961e-01
6.785497483900495563e-01
1.200189561854280162e+00
1.205372440407663559e+00
1.256915023516652852e+00
1.400655528325063903e+00
9.606521057295631660e-01
8.853579334879387863e-01
1.492989589206031642e+00
1.229587910847665722e+00
1.090337326757903513e+00
1.206313443220640602e+00
9.552528042854309120e-01
6.466980108979544228e-01
1.191449483060332160e+00
1.292830479933361421e+00
9.718962278352581974e-01
7.155264783904274895e-01
1.525549279875977549e+00
1.339237657768638012e+00
1.398020803633271969e+00
8.007254823840364022e-01
9.254810051492291523e-01
1.291659487627927927e+00
7.879804718277818587e-01
1.559628635725189838e+00
1.538671885935197547e+00
1.263957262470923881e+00
1.442097012956864210e+00
1.046619274881641859e+00
5.937041345135987136e-01
5.219233551313751107e-01
1.243791166706548657e+00
1.230433395244405315e+00
1.045701434891334047e+00
5.404478931953984322e-01
1.187031078009463947e+00
9.820842151788184982e-01
5.129019358440917165e-01
9.706301152735611337e-01
8.865807386628881126e-01
6.423827868685738629e-01
9.511663955749966037e-01
1.436043280990636051e+00
1.433691407498408399e+00
1.191398864237096733e+00
1.350632479691576071e+00
1.359322106870094027e+00
1.498106408789804833e+00
4.433225720180273832e-01
5.231000343485437964e-01
1.023061102843838999e+00
1.269249780333141064e+00
1.462082848833622606e+00
1.346085184720559047e+00
1.503680562893855654e+00
1.149292072570830436e+00
1.152955022188717704e+00
8.079596296344832007e-01
8.948047623651861349e-01
9.356701142552812378e-01
1.470109948819695367e+00
1.218909358779690866e+00
9.060425743470177373e-01
6.670790140503332077e-01
9.658143529500369251e-01
7.802384402874363856e-01
8.384895547751628486e-01
7.324722420995724015e-01
5.863010720278556409e-01
1.384884875210701249e+00
4.574833826764798106e-01
9.351476724981609978e-01
1.014945997061869942e+00
7.275473664397491547e-01
1.023993769135566057e+00
1.179648951961028258e+00
1.402995671296044522e+00
8.156497923514225423e-01
1.482336936417903317e+00
8.061405102455403426e-01
1.505707915693601517e+00
9.639217877552460623e-01
9.739685398432766927e-01
1.363906209711903017e+00
4.898569964661833587e-01
1.331666717237608655e+00
1.416801279684873904e+00
4.317523509368416113e-01
1.071644796705666369e+00
7.407627381600474514e-01
1.118121494787730263e+00
1.196595503928372217e+00
1.540401256458450163e+00
1.027825937734763162e+00
9.650471427520606049e-01
1.111162271434314563e+00
1.429203527849067790e+00
9.879552506059762207e-01
1.483824191189024200e+00
7.524184815117845870e-01
1.280580167611511611e+00
1.022688976860079979e+00
1.299032290073383722e+00
5.726585786279767554e-01
7.269599859098359040e-01
1.553817837999808216e+00
1.420245579012123782e+00
1.195458322225417591e+00
1.380696066172745429e+00
1.120008568883692934e+00
1.256252581487638187e+00
9.706682725350870289e-01
5.743495802176913356e-01
8.271502368368346403e-01
5.412118577074849224e-01
6.443235673597726976e-01
1.511314273933666685e+00
5.769517627162499274e-01
4.867566850143257295e-01
6.877955880124536625e-01
1.289385587764866337e+00
6.440886672617958109e-01
1.060476682137569071e+00
1.035102347813332990e+00
6.198384004597857766e-01
9.905633117595045167e-01
5.223100500704035420e-01
7.054412587562247650e-01
8.346592822810716683e-01
6.730028090722485201e-01
5.904622711590851170e-01
1.046215250635893490e+00
6.345380992839531054e-01
6.475690829228920586e-01
1.491242811543074698e+00
1.221159840247833417e+00
1.425925191682531068e+00
7.307715364351266008e-01
1.148467418085450387e+00
9.311289616340994169e-01
7.686388181299618205e-01
1.158656556528514736e+00
9.262110941635289807e-01
8.083242283759792812e-01
8.425271664457599785e-01
8.930260480485318064e-01
1.546986311196948183e+00
1.316515905610334602e+00
1.077835202416747240e+00
1.510704013898605202e+00
4.772959060708968360e-01
6.444042796085464042e-01
1.487899444408086636e+00
1.228984194299025834e+00
9.819800284940541912e-01
5.157391380329596764e-01
6.871417412433734606e-01
1.414617280552438627e+00
1.442762513158447613e+00
6.606235183670752242e-01
7.883127870361107403e-01
1.021311716805542780e+00
5.982208781338238524e-01
1.053863839299208127e+00
6.213476680846653499e-01
5.213468499856682703e-01
1.314477276153847463e+00
7.126114887756813676e-01
1.129834174018072845e+00
1.489047911372625821e+00
1.052791530620537319e+00
8.752972756443305746e-01
5.619740759166500510e-01
7.527212282773431129e-01
9.422347492568532434e-01
1.466600591966300993e+00
1.415227695918135575e+00
4.782844198954592230e-01
7.253739774985414890e-01
9.821033896386065498e-01
1.279712270476989211e+00
6.992347163533766397e-01
1.489733161836587882e+00
1.169312831534535579e+00
4.737486001964182902e-01
8.395190101191571941e-01
8.200827661717305928e-01
1.367552054063500888e+00
7.676925927492334045e-01
1.504100572629745391e+00
1.050618620350491250e+00
1.025019107305629618e+00
5.718249145835878622e-01
1.252465355081405329e+00
5.612094789714157095e-01
1.236450394971079669e+00
1.225835696496342386e+00
5.677278997819498185e-01
1.093780777100520352e+00
1.450303524570633051e+00
7.670710427562440481e-01
5.687999058794953600e-01
8.787733808131901192e-01
5.660088052787081159e-01
5.239358226756875014e-01
7.035181724014246685e-01
8.850788482728170203e-01
9.263594037123392688e-01
1.136743373695141335e+00
1.037070449888702450e+00
9.368996012304188215e-01
1.129220725353756061e+00
7.314846862112097670e-01
8.572186764927456348e-01
9.585961582082186405e-01
8.421010030874251928e-01
9.198974434005641188e-01
1.201812799052093705e+00
1.119644160935204358e+00
8.954702253279476221e-01
1.354979137865387484e+00
1.040991633931214633e+00
1.190073576709808956e+00
7.514190940613053593e-01
8.468704967973983422e-01
1.406224655265687185e+00
8.879535131412534810e-01
1.084449186392473452e+00
1.034766150852326705e+00
6.470583739568164239e-01
1.021109059854026446e+00
9.122195647963785570e-01
1.112270564188753363e+00
8.492509455737856650e-01
5.124555300008267755e-01
1.091415975862663146e+00
1.328267450440730357e+00
6.546096887565002742e-01
7.335169145376988498e-01
1.272930255019486534e+00
6.652339935191265985e-01
1.435357470218564968e+00
1.145842255303307411e+00
6.996788417054572440e-01
7.998485960492494051e-01
5.478455447777281773e-01
1.364044368070811419e+00
1.556432936817339518e+00
1.021247697464208848e+00
9.730463508055166022e-01
8.756673627505625612e-01
1.065984337950567129e+00
1.308883808612082200e+00
1.341378464509465740e+00
1.128297821625452890e+00
9.945228893036541784e-01
5.732032391011782080e-01
1.367733809957565994e+00
8.128405308262962592e-01
1.038158874460154868e+00
7.831619835436705035e-01
1.136576536787406555e+00
1.252352227997712175e+00
6.638526152184284213e-01
1.454762602229131785e+00
7.574495117540477329e-01
1.507178852854228479e+00
9.128485943873135833e-01
1.155630398262832204e+00
1.185253956671482811e+00
7.217103867557203012e-01
1.155075400236309724e+00
9.147999733248320942e-01
1.214782069294185973e+00
1.397257087326886804e+00
1.535779134450213412e+00
9.112477274034244124e-01
1.227780693361925968e+00
1.202945710388625411e+00
8.472801928646779279e-01
8.662716642378835985e-01
1.317516258168089927e+00
9.277425012729850762e-01
9.746180067223030319e-01
1.174669933791296250e+00
1.563049365352704001e+00
1.074450347136666428e+00
1.320084218039305979e+00
1.508490156889360945e+00
1.401045463542991865e+00
6.331942344970270531e-01
6.009208137493140534e-01
1.405573592082781431e+00
1.115084531354813224e+00
1.483540702589681626e+00
9.639180058785800087e-01
1.544777688390011949e+00
9.701319865081947658e-01
1.029212636692132143e+00
1.205751703536675601e+00
1.224737839814885376e+00
6.808590591439226403e-01
1.105728390387221927e+00
1.463253589604051275e+00
1.393870640850071618e+00
1.568526225402065100e+00
1.298520736060147840e+00
1.305682844964929368e+00
1.438193210878622397e+00
1.497693150203619261e+00
1.400067225886075128e+00
7.063385933396609806e-01
5.208721098173798580e-01
8.352580538951295264e-01
1.092080783215374717e+00
1.354702232650641935e+00
7.473482459375956344e-01
1.283341054997130692e+00
8.688118662534783931e-01
6.691074014399669423e-01
1.220105113475599357e+00
5.801445779763964028e-01
1.445263437045814392e+00
1.064187072105816645e+00
1.352870851879789393e+00
6.543078380326539101e-01
6.705550937779770626e-01
1.129670147429519655e+00
1.154550733300321541e+00
1.006332429780949944e+00
1.506127557663456518e+00
1.486399866484476195e+00
1.162830819707408203e+00
6.871669822158156249e-01
1.490799124354142968e+00
1.258876004890763678e+00
5.664830637700385418e-01
1.370904037648049689e+00
1.104339114689736334e+00
6.494518084701508265e-01
1.243958613826883441e+00
1.409796687640318291e+00
1.357527491775856854e+00
8.285149873928026043e-01
1.411449779377997205e+00
1.257073204267417976e+00
1.109220014811822974e+00
1.128121530840006770e+00
8.297188094848357842e-01
5.392011967247827275e-01
1.265874593173484497e+00
8.901697867420612642e-01
7.481321527565303331e-01
1.039508825481643806e+00
1.156636460951625534e+00
1.073448999570081996e+00
1.244461387864121971e+00
1.526170703485616675e+00
1.437407828928531472e+00
1.322616912930900890e+00
1.085952146824521902e+00
7.133237228116671158e-01
1.472191100334996561e+00
1.471550207985513614e+00
1.044074177450084795e+00
4.572295334403451150e-01
1.038210534949765007e+00
1.062755835305536856e+00
1.380565165886211032e+00
8.230363244753992058e-01
6.849851321921966996e-01
9.164419860530269579e-01
6.313690237866681487e-01
1.156774257714197285e+00
1.296542702295962579e+00
7.550986621752079353e-01
1.483340259873665135e+00
7.683119662894392077e-01
